817
400
18
591
9
765
940
755
192
114
74
826
599
4
589
980
794
282
670
730
985
170
86
846
271
599
543
324
400
338
807
188
329
162
650
359
954
498
291
706
562
395
391
689
105
99
523
731
481
873
981
710
776
997
735
361
313
315
213
714
14
972
446
418
876
844
753
292
65
679
667
472
485
777
796
182
98
662
94
357
793
69
991
190
345
809
974
361
559
127
301
112
274
798
718
342
859
616
532
674
713
940
18
37
260
28
449
881
331
911
125
37
208
370
995
444
514
822
411
134
315
107
646
921
635
415
82
550
718
567
920
279
248
815
305
625
99
83
458
262
860
468
159
538
719
30
779
692
382
545
206
419
708
409
155
658
391
566
978
704
249
787
293
526
692
74
42
344
215
564
497
79
971
118
199
752
85
267
508
156
59
829
365
626
403
851
267
104
389
869
693
859
811
230
11
404
939
572
285
790
502
339
87
424
953
246
291
482
107
868
837
999
400
718
720
870
447
238
801
488
144
553
60
659
587
220
234
21
241
111
14
583
480
449
141
941
500
760
217
510
420
633
209
421
347
779
422
747
867
383
